954
948 60
592 653
149 34
205 424
86 38
165 5
512 899
281 472
289 42
454 531
169 855
492 297
38 285
563 908
173 131
154 413
15 30
520 209
276 451
363 216
134 233
877 417
171 91
704 172
217 220
943 768
807 87
35 19
460 400
613 358
21 255
11 125
924 265
183 192
366 574
266 404
20 343
8 85
111 200
741 760
62 42
542 254
334 688
52 297
409 142
42 512
66 91
290 523
267 234
196 168
4 133
203 11
882 510
149 491
584 446
604 96
430 172
786 747
179 106
784 343
47 123
788 389
30 116
440 267
177 222
871 253
324 140
248 220
901 330
851 523
713 642
667 414
4 7
751 199
209 836
8 2
170 338
489 397
757 329
223 385
94 692
175 321
486 65
447 541
641 723
646 563
184 42
428 662
507 350
203 403
19 89
496 136
137 158
1 12
883 716
311 317
63 118
761 730
427 431
765 200
406 543
296 274
81 372
435 701
693 811
233 521
218 156
912 375
601 373
168 76
59 143
33 853
455 459
284 5
354 189
161 117
623 566
277 196
14 172
278 730
843 52
429 151
337 140
515 522
673 747
656 196
270 160
411 247
1 2
31 36
10 25
210 171
516 239
72 82
20 127
921 189
233 732
860 709
819 145
734 19
183 50
231 1
265 435
307 845
156 291
208 395
494 372
252 254
54 420
193 72
546 698
25 644
868 752
829 714
21 198
262 655
59 17
40 114
152 890
371 773
128 397
186 225
393 137
175 469
178 189
909 513
722 293
351 128
40 102
573 320
13 637
616 506
858 305
940 423
665 229
199 253
69 43
539 254
866 13
24 48
577 381
697 150
512 648
47 70
22 227
554 149
887 510
4 2
356 158
341 146
727 203
164 349
689 208
31 10
536 48
599 589
120 50
889 949
302 50
59 177
79 53
434 417
380 298
946 367
333 87
854 893
262 641
704 821
357 11
435 477
197 137
482 565
238 210
627 565
873 145
230 139
739 483
677 902
88 190
269 401
282 134
319 188
823 293
385 560
3 612
415 303
260 371
61 217
5 194
105 502
127 910
195 313
82 390
73 62
55 386
510 162
63 204
203 359
586 95
479 53
485 426
294 176
408 466
532 49
147 115
85 450
7 42
622 220
161 247
349 553
856 519
86 213
333 447
376 45
936 157
472 945
647 238
496 499
644 830
448 864
752 125
281 684
916 207
154 303
64 9
89 202
320 78
423 782
166 111
43 103
184 228
875 492
906 332
172 423
443 284
221 263
416 913
300 527
20 113
810 756
830 923
431 750
458 349
17 16
667 915
223 394
305 407
625 478
71 678
19 61
570 693
287 787
491 839
34 90
339 295
392 126
63 138
198 514
169 505
820 15
6 5
66 438
70 207
464 578
56 581
796 330
390 768
846 350
892 650
74 214
562 234
457 318
717 397
766 216
681 531
90 163
799 185
5 391
422 307
842 5
88 105
927 139
82 150
663 347
12 66
198 495
229 47
312 80
2 128
737 797
561 85
28 316
119 244
481 179
939 828
237 776
136 141
46 71
700 555
136 47
51 95
128 742
237 498
59 548
609 886
35 414
741 584
764 854
6 493
151 62
900 877
508 550
396 172
95 326
155 87
84 377
99 144
852 460
58 246
935 656
301 259
132 738
76 818
325 129
658 504
529 744
410 237
642 896
421 675
674 238
74 366
454 250
120 272
889 615
215 384
300 274
780 536
645 590
342 822
39 2
34 15
183 718
670 503
52 50
246 309
76 928
712 679
99 861
18 815
166 288
334 94
733 187
2 22
764 749
274 62
159 19
421 619
29 570
375 679
779 318
6 15
569 710
139 111
753 123
775 507
440 803
894 211
114 888
77 62
151 731
169 483
98 237
398 261
476 634
77 290
626 355
162 687
823 920
197 330
210 286
708 173
384 437
942 74
44 25
790 524
302 353
185 615
223 196
487 275
38 20
649 293
1 361
824 419
18 418
800 720
369 150
150 705
240 771
37 13
249 194
81 27
209 250
208 173
389 304
49 2
434 470
95 235
502 631
579 93
242 91
220 694
483 672
18 13
665 769
179 258
180 793
279 111
528 306
107 92
109 251
63 490
122 345
215 131
69 83
154 22
412 195
106 49
711 635
668 208
109 783
246 473
169 13
342 277
199 89
114 132
653 770
252 703
691 326
905 449
239 151
947 669
394 433
408 591
58 162
51 224
281 95
119 73
367 246
3 11
703 726
503 635
236 85
46 84
205 165
257 251
552 440
49 54
266 260
556 685
140 133
134 595
429 840
165 638
417 188
167 484
374 193
129 789
587 453
468 96
812 869
194 259
304 239
537 68
878 552
114 559
938 537
51 234
683 907
498 728
7 20
27 17
220 535
10 7
438 524
280 135
376 808
497 160
792 504
17 504
223 850
271 476
891 718
571 666
825 397
736 473
58 185
141 271
564 112
298 239
621 241
573 580
339 355
335 4
350 237
128 917
319 798
446 598
445 791
763 711
182 147
49 68
101 39
456 314
232 19
426 423
21 5
599 911
382 203
189 827
941 24
895 365
63 729
5 76
636 142
311 576
903 827
181 29
144 432
954 775
24 174
170 83
99 932
572 369
34 117
28 97
814 546
575 413
478 58
246 318
707 551
348 261
422 682
397 683
17 40
87 58
476 664
234 951
140 452
364 65
199 706
144 533
659 533
202 809
155 618
508 294
376 549
124 7
5 110
620 112
671 432
772 897
323 136
511 146
41 23
111 72
106 884
837 11
654 302
785 756
188 2
249 449
570 702
145 153
240 427
34 596
137 368
602 227
287 332
841 118
5 33
340 370
141 558
640 334
844 732
759 124
754 599
349 592
49 176
311 226
593 34
621 950
802 182
43 501
96 201
652 313
202 721
102 465
152 2
360 26
269 211
308 79
40 226
8 32
88 262
482 132
453 418
467 268
9 880
178 62
408 256
94 240
885 175
49 99
5 26
184 724
66 544
357 428
185 833
323 455
7 216
379 314
120 931
124 340
585 628
197 243
696 575
283 132
121 180
602 755
208 252
287 676
560 597
69 112
268 74
743 304
898 701
758 679
260 78
488 13
254 383
434 547
194 557
53 14
50 669
55 530
347 142
409 515
212 142
97 421
241 86
148 695
400 141
448 291
630 273
72 256
70 745
331 325
308 870
594 606
23 918
933 912
121 879
608 230
716 515
904 490
212 857
104 32
13 67
521 632
157 47
74 525
49 661
2 56
808 817
391 690
5 3
37 50
125 206
43 31
94 1
847 715
258 278
529 660
569 934
124 261
450 605
293 242
95 160
446 173
300 328
230 835
720 600
737 107
39 63
358 186
264 352
546 504
406 7
600 462
442 402
437 778
341 748
137 146
158 872
321 740
6 195
82 100
199 804
22 145
774 371
97 826
10 16
30 72
762 146
17 23
699 222
812 522
614 307
110 209
464 610
922 348
381 275
110 517
57 19
160 657
848 712
93 6
10 29
772 207
137 299
777 362
930 926
55 264
538 132
373 352
677 65
55 38
633 149
3 2
590 281
863 462
867 491
482 925
445 513
158 816
611 587
330 387
32 96
444 411
52 65
65 211
8 115
876 241
307 41
32 75
11 28
109 148
569 373
105 551
58 78
480 188
187 167
336 301
405 241
702 849
582 151
274 314
19 9
315 99
431 526
637 937
555 449
5 441
529 280
459 715
219 23
137 119
365 642
889 929
673 556
362 285
749 288
142 164
375 201
349 952
160 650
255 419
953 56
862 722
275 64
588 362
838 562
518 360
56 416
346 45
212 589
643 71
714 449
383 594
104 273
281 944
87 567
85 399
162 719
9 134
79 609
556 538
153 801
624 131
264 926
464 428
38 425
87 509
106 794
462 92
406 686
232 365
10 58
79 175
461 427
42 245
166 344
31 265
130 80
58 74
914 744
544 781
13 12
310 195
439 96
545 221
603 75
156 128
355 445
384 639
61 142
88 79
70 832
9 3
60 33
327 306
121 70
795 351
306 322
666 735
463 607
221 50
534 433
271 709
540 182
503 83
468 725
629 607
